1 0.00604
2 0.00874
3 0.01172
4 0.01521
5 0.01778
6 0.02047
7 0.02375
8 0.02716
9 0.03048
10 0.03337
11 0.03502
12 0.03963
13 0.04199
14 0.04465
15 0.04798
16 0.05227
17 0.05460
18 0.05645
19 0.06119
20 0.06324
21 0.06874
22 0.07006
23 0.07294
24 0.07489
25 0.07759
26 0.08053
27 0.08441
28 0.08849
29 0.08988
30 0.09385
31 0.09537
32 0.09866
33 0.10161
34 0.10630
35 0.10799
36 0.11224
37 0.11350
38 0.11663
39 0.11939
40 0.12275
41 0.12630
42 0.12851
43 0.12994
44 0.13376
45 0.13531
46 0.14106
47 0.14630
48 0.14463
49 0.15203
50 0.15255
51 0.15594
52 0.15747
53 0.16089
54 0.16459
55 0.16641
56 0.16744
57 0.17228
58 0.17500
59 0.17823
60 0.18120
61 0.18249
62 0.18850
63 0.19129
64 0.19131
65 0.19254
66 0.19749
67 0.20300
68 0.20329
69 0.20538
70 0.21034
71 0.21082
72 0.21475
73 0.23608
74 0.27703
75 0.32907
76 0.38084
77 0.43276
78 0.47550
79 0.50989
80 0.53351
81 0.55370
82 0.56232
83 0.56881
84 0.57086
85 0.57505
86 0.58150
87 0.58586
88 0.59093
89 0.59151
90 0.60174
91 0.60245
92 0.60808
93 0.61047
94 0.61500
95 0.61806
96 0.62333
97 0.62787
98 0.63071
99 0.63326
100 0.63734
101 0.64277
102 0.64794
103 0.65102
104 0.65487
105 0.65887
106 0.65984
107 0.66386
108 0.66857
109 0.67134
110 0.67271
111 0.67810
112 0.68124
113 0.68858
114 0.68790
115 0.69080
116 0.69353
117 0.70046
118 0.70225
119 0.70612
120 0.70964
121 0.71135
122 0.71391
123 0.71693
124 0.71914
125 0.72696
126 0.72804
127 0.73060
128 0.73216
129 0.73769
130 0.73951
131 0.74183
132 0.74543
133 0.74820
134 0.75004
135 0.75310
136 0.75907
137 0.75826
138 0.76184
139 0.76519
140 0.76980
141 0.77035
142 0.77195
143 0.77478
144 0.77708
145 0.77825
146 0.78255
147 0.78545
148 0.79291
149 0.79986
150 0.81340
151 0.83051
152 0.85168
153 0.87739
154 0.90287
155 0.92750
156 0.94854
157 0.96253
158 0.97536
159 0.98565
160 0.99145
161 0.99538
162 0.99727
163 0.99879
164 0.99950
165 0.99980
166 0.99994
167 0.99997
168 1.00000
169 1.00000
170 1.00000
171 1.00000
172 1.00000
173 1.00000
174 1.00000
175 1.00000
176 1.00000
177 1.00000
178 1.00000
179 1.00000
180 1.00000
