0 0.0000000
1 0.0000100
2 0.0000000
3 0.0000400
4 0.0000900
5 0.0001500
6 0.0002300
7 0.0002100
8 0.0003500
9 0.0004200
10 0.0005100
11 0.0006400
12 0.0007700
13 0.0009200
14 0.0009100
15 0.0012500
16 0.0013700
17 0.0013700
18 0.0016500
19 0.0017300
20 0.0018800
21 0.0020600
22 0.0025400
23 0.0021500
24 0.0024600
25 0.0030000
26 0.0031800
27 0.0035700
28 0.0035000
29 0.0040200
30 0.0041000
31 0.0042800
32 0.0044900
33 0.0049300
34 0.0055600
35 0.0058600
36 0.0059800
37 0.0065200
38 0.0064000
39 0.0069100
40 0.0076500
41 0.0078100
42 0.0076900
43 0.0081600
44 0.0088600
45 0.0090700
46 0.0099400
47 0.0102100
48 0.0103800
49 0.0109200
50 0.0122400
51 0.0119800
52 0.0122300
53 0.0133500
54 0.0131000
55 0.0141600
56 0.0145800
57 0.0147300
58 0.0148100
59 0.0155000
60 0.0168800
61 0.0167700
62 0.0178000
63 0.0179900
64 0.0187200
65 0.0203800
66 0.0186900
67 0.0202200
68 0.0217500
69 0.0215100
70 0.0227400
71 0.0232000
72 0.0230000
73 0.0242100
74 0.0257100
75 0.0265200
76 0.0271900
77 0.0288100
78 0.0297600
79 0.0336100
80 0.0345100
81 0.0371200
82 0.0410500
83 0.0421600
84 0.0449300
85 0.0490200
86 0.0511600
87 0.0533100
88 0.0563100
89 0.0593500
90 0.0619500
91 0.0632200
92 0.0691700
93 0.0695700
94 0.0712100
95 0.0767700
96 0.0782700
97 0.0820400
98 0.0842000
99 0.0857800
100 0.0905200
101 0.0927400
102 0.0951100
103 0.0993300
104 0.1022200
105 0.1047900
106 0.1073000
107 0.1110100
108 0.1138600
109 0.1164100
110 0.1193300
111 0.1220600
112 0.1239200
113 0.1288400
114 0.1325000
115 0.1332700
116 0.1365800
117 0.1407500
118 0.1450900
119 0.1447100
120 0.1525700
121 0.1548300
122 0.1574300
123 0.1576300
124 0.1635000
125 0.1640900
126 0.1688000
127 0.1737700
128 0.1755800
129 0.1787300
130 0.1834000
131 0.1842500
132 0.1873800
133 0.1939000
134 0.1948800
135 0.2014500
136 0.2029300
137 0.2055900
138 0.2088600
139 0.2110500
140 0.2136000
141 0.2182100
142 0.2230200
143 0.2246100
144 0.2268300
145 0.2325900
146 0.2338400
147 0.2383400
148 0.2439100
149 0.2482400
150 0.2557300
151 0.2673800
152 0.2808800
153 0.2977900
154 0.3110800
155 0.3269100
156 0.3453200
157 0.3562100
158 0.3677000
159 0.3786500
160 0.3831400
161 0.3892400
162 0.3975000
163 0.4054800
164 0.4107200
165 0.4140200
166 0.4208500
167 0.4273900
168 0.4286100
169 0.4385200
170 0.4416800
171 0.4483500
172 0.4527200
173 0.4585900
174 0.4639600
175 0.4677600
176 0.4733900
177 0.4780900
178 0.4821100
179 0.4915600
180 0.4952700
